%YAML:1.0 # need to specify the file type at the top!

cam0:
  T_cam_imu:
    - [0.99992201, -0.01064369, -0.00653412, 0.00064629]
    - [0.01064543, 0.99994331, 0.00023224, 0.0094547]
    - [0.00653128, -0.00030178, 0.99997863, 0.05058314]
    - [0.0, 0.0, 0.0, 1.0]
  cam_overlaps: []
  camera_model: pinhole
  distortion_coeffs: [-0.07990900260889204, 0.14676572847248792, -0.23207155168801544, 0.13338013034315513]
  distortion_model: equidistant
  intrinsics: [197.8896180156088, 197.77682212558196, 130.67973405379294, 111.1614965931138]
  resolution: [346, 260]
  timeshift_cam_imu: 0.0028133308512579796

