%YAML:1.0 # need to specify the file type at the top!

cam0:
  T_cam_imu:
    - [0.9998150933528154, 0.015918447110061622, 0.010788055686955367, 0.006016318215836305]
    - [-0.015797956855792196, 0.9998128825727856, -0.011163529938127631, 0.023062549271601483]
    - [-0.010963743114612253, 0.010991036488935626, 0.9998794894655132, -0.10102039606703554]
    - [0.0, 0.0, 0.0, 1.0]
  cam_overlaps: []
  camera_model: pinhole
  distortion_coeffs: [-0.3561870953875092, 0.130847182722583, -0.0016959618125324018, -0.00034114823300967313]
  distortion_model: radtan
  intrinsics: [262.6668067833882, 263.61655530721794, 170.28512267868243, 121.48962043142495]
  resolution: [346, 260]
  timeshift_cam_imu: 0.0

cam1:
  T_cam_imu:
    - [0.9998150933528154, 0.015918447110061622, 0.010788055686955367, 0.006016318215836305]
    - [-0.015797956855792196, 0.9998128825727856, -0.011163529938127631, 0.023062549271601483]
    - [-0.010963743114612253, 0.010991036488935626, 0.9998794894655132, -0.10102039606703554]
    - [0.0, 0.0, 0.0, 1.0]
  cam_overlaps: []
  camera_model: pinhole
  distortion_coeffs: [-0.3561870953875092, 0.130847182722583, -0.0016959618125324018, -0.00034114823300967313]
  distortion_model: radtan
  intrinsics: [262.6668067833882, 263.61655530721794, 170.28512267868243, 121.48962043142495]
  resolution: [346, 260]
  rostopic: /dvs/image_raw
  timeshift_cam_imu: 0.0018555400978173433




