%YAML:1.0 # need to specify the file type at the top!

cam0:
  T_cam_imu:
    - [0.9999979519294682, 0.001782165419242475, 0.0009591784444086464, -0.001565300128780068]
    - [-0.0017786469693484375, 0.999991732708187, -0.003656628260723974, 0.00019451210430799593]
    - [-0.0009656872310378323, 0.0036549147318581743, 0.9999928544977086, -0.05009212499398218]
    - [0.0, 0.0, 0.0, 1.0]
  cam_overlaps: []
  camera_model: pinhole
  distortion_coeffs: [-0.36470332626593316, 0.14016447214108507, 9.947714277360865e-06, 0.0007237144177325796]
  distortion_model: radtan
  intrinsics: [291.18798786327574, 291.8572778345099, 170.3052417059584, 119.37931753121354]
  resolution: [346, 260]
  timeshift_cam_imu: 0.0024214789288404762


