%YAML:1.0 # need to specify the file type at the top!

cam0:
  T_cam_imu:
    - [0.9999300737593813, 0.008565159792145867, -0.008153872043027196, 0.002877143476816426]
    - [-0.00834799121576227, 0.9996190992395119, 0.02630527472293649, 0.0015057517497697004]
    - [0.008376075108343328, -0.026235366841777023, 0.9996207015125574, -0.10790859288663103]
    - [0.0, 0.0, 0.0, 1.0]
  cam_overlaps: []
  camera_model: pinhole
  distortion_coeffs: [-0.3471125437326465, 0.15215446510651012, 0.0007715117917417706, -5.238360984792526e-05]
  distortion_model: radtan
  intrinsics: [286.5456885776579, 286.8722946000745, 169.56066756164608, 110.91121431801822]
  resolution: [346, 260]
  timeshift_cam_imu: 0.002314404596493957


